image1: 53287.062500
image2: 53287.062500
image3: 436981.25 
